              0              0
           0.01        158.319
           0.02       316.9825
           0.03       476.3336
           0.04       636.7134
           0.05       798.4594
           0.06       961.9047
           0.07       1127.377
           0.08       1295.196
           0.09       1465.675
            0.1       1639.116
           0.11       1815.811
           0.12        1996.04
           0.13        2180.07
           0.14       2368.152
           0.15       2560.521
           0.16       2757.392
           0.17       2958.964
           0.18        3165.41
           0.19       3376.883
            0.2       3593.509
           0.21       3815.388
           0.22        4042.59
           0.23       4275.155
           0.24       4513.089
           0.25       4756.364
           0.26       5004.914
           0.27       5258.633
           0.28       5517.375
           0.29        5780.95
            0.3       6049.122
           0.31       6321.609
           0.32       6598.078
           0.33       6878.147
           0.34       7161.379
           0.35       7447.286
           0.36       7735.322
           0.37       8024.887
           0.38       8315.324
           0.39       8605.919
            0.4       8895.901
           0.41       9184.444
           0.42       9470.668
           0.43       9753.638
           0.44       10032.37
           0.45       10305.83
           0.46       10572.95
           0.47        10832.6
           0.48       11083.65
           0.49       11324.91
            0.5       11555.19
           0.51       11773.28
           0.52       11977.98
           0.53       12168.07
           0.54       12342.38
           0.55       12499.76
           0.56       12639.09
           0.57       12759.33
           0.58       12859.49
           0.59       12938.68
            0.6       12996.12
           0.61       13031.13
           0.62       13043.17
           0.63       13031.86
           0.64       12996.97
           0.65       12938.45
           0.66       12856.45
           0.67        12751.3
           0.68       12623.55
           0.69       12473.96
            0.7       12303.52
           0.71       12113.42
           0.72       11905.06
           0.73       11680.04
           0.74       11440.17
           0.75       11187.39
           0.76       10923.81
           0.77       10651.66
           0.78       10373.24
           0.79       10090.89
            0.8       9806.977
           0.81       9523.813
           0.82       9243.632
           0.83       8968.544
           0.84       8700.489
           0.85       8441.199
           0.86       8192.167
           0.87       7954.622
           0.88       7729.512
           0.89       7517.502
            0.9       7318.979
           0.91        7134.07
           0.92       6962.675
           0.93       6804.494
           0.94       6659.076
           0.95       6525.849
           0.96       6404.158
           0.97       6293.287
           0.98       6192.476
           0.99       6100.921
              1       6017.778
