              0   2.222565e-06
           0.01   2.222318e-06
           0.02   2.221579e-06
           0.03   2.220345e-06
           0.04   2.218614e-06
           0.05   2.216382e-06
           0.06   2.213644e-06
           0.07   2.210395e-06
           0.08   2.206627e-06
           0.09   2.202334e-06
            0.1   2.197505e-06
           0.11   2.192133e-06
           0.12   2.186206e-06
           0.13   2.179714e-06
           0.14   2.172643e-06
           0.15   2.164983e-06
           0.16    2.15672e-06
           0.17   2.147839e-06
           0.18   2.138328e-06
           0.19   2.128172e-06
            0.2   2.117355e-06
           0.21   2.105864e-06
           0.22   2.093684e-06
           0.23     2.0808e-06
           0.24   2.067197e-06
           0.25   2.052863e-06
           0.26   2.037783e-06
           0.27   2.021944e-06
           0.28   2.005336e-06
           0.29   1.987947e-06
            0.3   1.969769e-06
           0.31   1.950792e-06
           0.32   1.931012e-06
           0.33   1.910422e-06
           0.34   1.889022e-06
           0.35   1.866811e-06
           0.36    1.84379e-06
           0.37   1.819967e-06
           0.38   1.795347e-06
           0.39   1.769943e-06
            0.4   1.743768e-06
           0.41   1.716841e-06
           0.42   1.689183e-06
           0.43   1.660819e-06
           0.44   1.631778e-06
           0.45   1.602094e-06
           0.46   1.571805e-06
           0.47    1.54095e-06
           0.48   1.509577e-06
           0.49   1.477736e-06
            0.5    1.44548e-06
           0.51   1.412867e-06
           0.52    1.37996e-06
           0.53   1.346824e-06
           0.54   1.313528e-06
           0.55   1.280144e-06
           0.56   1.246747e-06
           0.57   1.213415e-06
           0.58   1.180225e-06
           0.59   1.147259e-06
            0.6   1.114597e-06
           0.61    1.08232e-06
           0.62   1.050509e-06
           0.63   1.019242e-06
           0.64   9.885969e-07
           0.65   9.586477e-07
           0.66   9.294654e-07
           0.67   9.011165e-07
           0.68   8.736628e-07
           0.69   8.471605e-07
            0.7   8.216597e-07
           0.71   7.972036e-07
           0.72   7.738286e-07
           0.73   7.515634e-07
           0.74   7.304293e-07
           0.75   7.104395e-07
           0.76   6.915996e-07
           0.77   6.739076e-07
           0.78   6.573541e-07
           0.79   6.419227e-07
            0.8   6.275908e-07
           0.81   6.143299e-07
           0.82   6.021065e-07
           0.83   5.908829e-07
           0.84    5.80618e-07
           0.85   5.712681e-07
           0.86   5.627877e-07
           0.87   5.551303e-07
           0.88   5.482492e-07
           0.89   5.420979e-07
            0.9   5.366307e-07
           0.91   5.318031e-07
           0.92   5.275716e-07
           0.93   5.238945e-07
           0.94   5.207312e-07
           0.95   5.180424e-07
           0.96   5.157899e-07
           0.97   5.139362e-07
           0.98   5.124442e-07
           0.99   5.112768e-07
              1   5.103968e-07
